%YAML:1.0

#--------------------------------------------------------------------------------------------
# System config
#--------------------------------------------------------------------------------------------

# When the variables are commented, the system doesn't load a previous session or not store the current one

# If the LoadFile doesn't exist, the system give a message and create a new Atlas from scratch
#System.LoadAtlasFromFile: "Session_MH01_MH02_MH03_Stereo60_Pseudo"

# The store file is created from the current session, if a file with the same name exists it is deleted
#System.SaveAtlasToFile: "Session_MH01_MH02_MH03_Stereo60_Pseudo"

#--------------------------------------------------------------------------------------------
# Camera Parameters. Adjust them!
#--------------------------------------------------------------------------------------------
File.version: "1.0"

Camera.type: "PinHole"

# Camera calibration and distortion parameters (OpenCV) 
Camera1.fx: 568.17746206153345
Camera1.fy: 756.03382488442855
Camera1.cx: 317.68199624328963
Camera1.cy: 240.10992130395630

# Camera1.k1: -0.14504446379165253
# Camera1.k2: 0.92055368887421363
# Camera1.p1: 0.0
# Camera1.p2: 0.0

Camera1.k1: 0.0
Camera1.k2: 0.0
Camera1.p1: 0.0
Camera1.p2: 0.0

Camera2.fx: 568.17746206153345
Camera2.fy: 756.03382488442855
Camera2.cx: 320.90264219096923
Camera2.cy: 243.94044722693238

Camera2.k1: 0.0
Camera2.k2: 0.0
Camera2.p1: 0.0
Camera2.p2: 0.0

# Camera2.k1: -0.10957350665626944
# Camera2.k2: 0.80828555838350047
# Camera2.p1: 0.0
# Camera2.p2: 0.0

Camera.width: 960
Camera.height: 540

# Camera frames per second 
Camera.fps: 30

# Color order of the images (0: BGR, 1: RGB. It is ignored if images are grayscale)
Camera.RGB: 1

Stereo.ThDepth: 50.0

Stereo.T_c1_c2: !!opencv-matrix
  rows: 4
  cols: 4
  dt: f
  data: [
        0.99995120214957300, 0.0028182681380047900, 0.0094684045290664518, -59.723575655535242,
        -0.0029716284316091885, 0.99986399518203872, 0.016222224356618655, 0.077514682706030513,
        -0.0094213982024002677, -0.016249569327041462, 0.99982357881408135, 0.64900931094830727,
        0, 0, 0, 1.000000000000000]



# Stereo.T_c1_c2: !!opencv-matrix
#   rows: 4
#   cols: 4
#   dt: f
#   data: [0.999997256477797, -0.002317135723275, -0.000343393120620, 0.110074137800478,
#          0.002312067192432, 0.999898048507103, -0.014090668452683, -0.000156612054392,
#          0.000376008102320, 0.014089835846691, 0.999900662638081, 0.000889382785432,
#          0, 0, 0, 1.000000000000000]

#--------------------------------------------------------------------------------------------
# ORB Parameters
#--------------------------------------------------------------------------------------------

# ORB Extractor: Number of features per image
ORBextractor.nFeatures: 500

# ORB Extractor: Scale factor between levels in the scale pyramid 	
ORBextractor.scaleFactor: 1.2

# ORB Extractor: Number of levels in the scale pyramid	
ORBextractor.nLevels: 8

# ORB Extractor: Fast threshold
# Image is divided in a grid. At each cell FAST are extracted imposing a minimum response.
# Firstly we impose iniThFAST. If no corners are detected we impose a lower value minThFAST
# You can lower these values if your images have low contrast			
ORBextractor.iniThFAST: 20
ORBextractor.minThFAST: 7

#--------------------------------------------------------------------------------------------
# Viewer Parameters
#--------------------------------------------------------------------------------------------
Viewer.KeyFrameSize: 0.05
Viewer.KeyFrameLineWidth: 1.0
Viewer.GraphLineWidth: 0.9
Viewer.PointSize: 2.0
Viewer.CameraSize: 0.08
Viewer.CameraLineWidth: 3.0
Viewer.ViewpointX: 0.0
Viewer.ViewpointY: -0.7
Viewer.ViewpointZ: -1.8
Viewer.ViewpointF: 500.0
Viewer.imageViewScale: 1.0

